global x konc t1 t2 t3 t4 t5 t6 t7 t8 x1 x2 x3 x4 proc1 proc2 proc3 proc4;

% t1 = 0.1; 
% t2 = 0.5; 
% t3 = 1; 
% t4 = 1.5; 
% t5 = 2; 
% t6 = 2.5; 
t7 = 0; 
% t8 = 1.5;
x1 = 0;
x2 = 1.5;
x3 = 0;
x4 = 1.5;
proc1 = 0;
proc2 = 25;
proc3 = -5;
proc4 = 20;


%Plottaenkel;